601236
601256
601276
601296
601316
601336
601356
601376
601396
601416
601436
601456
601476
601496
601516
601536
601556
601576
601596
601616
601636
601656
601676
601696
601716
601736
601756
601776
601796
601816
601836
601856
601876
601896
601916
601936
601956
601976
601996
602016
602036
602056
602076
602096
602116
602136
602156
602176
602196
602216
602236
602256
602276
602296
602316
602336
602356
602376
602396
602416
602436
602456
602476
602496
602516
602536
602556
602576
602596
602616
602636
602656
602676
602696
602716
602736
602756
602776
602796
602816
602836
602856
602876
602896
602916
602936
602956
602976
602996
603016
603036
603056
603076
603096
603116
603136
603156
603176
603196
603216
603236
603256
603276
603296
603316
603336
603356
603376
603396
603416
603436
603456
603476
603496
603516
603536
603556
603576
603596
603616
603636
603656
603676
603696
603716
603736
