830059
830119
830179
830239
830299
830359
830419
830479
830539
830599
830659
830719
830779
830839
830899
830959
831019
831079
831139
831199
831259
831319
831379
831439
831499
831559
831619
831679
831739
831799
831859
831919
831979
832039
832099
832159
832219
832279
832339
832399
832459
832519
832579
832639
832699
832759
832819
832879
832939
832999
833059
833119
833179
833239
833299
833359
833419
833479
833539
833599
833659
833719
833779
833839
833899
833959
834019
834079
834139
834199
834259
834319
834379
834439
834499
834559
834619
834679
834739
834799
834859
834919
834979
835039
835099
835159
835219
835279
835339
835399
835459
835519
835579
835639
835699
835759
835819
835879
835939
835999
836059
836119
836179
836239
836299
836359
836419
836479
836539
836599
836659
836719
836779
836839
836899
836959
837019
837079
837139
837199
837259
837319
837379
837439
837499
837559
837619
837679
837739
837799
837859
837919
837979
838039
838099
838159
838219
838279
838339
838399
838459
838519
838579
838639
838699
838759
838819
838879
838939
838999
839059
839119
839179
839239
839299
839359
839419
839479
839539
839599
839659
839719
839779
839839
839899
839959
870019
870079
870139
870199
870259
870319
870379
870439
870499
870559
870619
870679
870739
870799
870859
870919
870979
871039
871099
871159
871219
871279
871339
871399
871459
871519
871579
871639
871699
871759
871819
871879
871939
871999
872059
872119
872179
872239
872299
872359
872419
872479
872539
872599
872659
872719
872779
872839
872899
872959
873019
873079
873139
873199
873259
873319
873379
873439
873499
873559
873619
873679
873739
873799
873859
873919
873979
874039
874099
874159
874219
874279
874339
874399
874459
874519
874579
874639
874699
874759
874819
874879
874939
874999
875059
875119
875179
875239
875299
875359
875419
875479
875539
875599
875659
875719
875779
875839
875899
875959
876019
876079
876139
876199
876259
876319
876379
876439
876499
876559
876619
876679
876739
876799
876859
876919
876979
877039
877099
877159
877219
877279
877339
877399
877459
877519
877579
877639
877699
877759
877819
877879
877939
877999
878059
878119
878179
878239
878299
878359
878419
878479
878539
878599
878659
878719
878779
878839
878899
878959
879019
879079
879139
879199
879259
879319
879379
879439
879499
879559
879619
879679
879739
879799
879859
879919
879979
880039
880099
880159
880219
880279
880339
880399
880459
880519
880579
880639
880699
880759
880819
880879
880939
880999
881059
881119
881179
881239
881299
881359
881419
881479
881539
881599
881659
881719
881779
881839
881899
881959
882019
882079
882139
882199
882259
882319
882379
882439
882499
882559
882619
882679
882739
882799
882859
882919
882979
883039
883099
883159
883219
883279
883339
883399
883459
883519
883579
883639
883699
883759
883819
883879
883939
883999
430718
873833
884059
884119
884179
884239
884299
884359
884419
884479
884539
884599
884659
884719
884779
884839
