59
79
99
119
139
159
179
199
219
239
259
279
299
319
339
359
379
399
419
439
459
479
499
519
539
559
579
599
619
639
659
679
699
719
739
759
779
799
819
839
859
879
899
919
939
959
979
999
1019
1039
1059
1079
1099
1119
1139
1159
1179
1199
1219
1239
1259
1279
1299
1319
1339
1359
1379
1399
1419
1439
1459
1479
1499
1519
1539
1559
1579
1599
1387
1619
1639
1659
1679
1699
1719
1739
1759
1779
1799
1819
1839
1859
1716
1879
1899
1919
1939
1959
1979
1999
2019
2039
2059
2079
2099
2119
2139
2159
2179
2199
2219
2239
2259
2279
2299
2319
2339
2359
2379
2399
2419
2469
2519
2569
2619
2669
2719
2769
2819
2869
2909
2949
2989
3029
3069
3109
3149
3189
3229
3815
3855
